{
    "bridgeLists": [
        {
            "id": 0,
            "name": "Bridge",
            "bridgePositionX": -7.300000190734863,
            "bridgePositionY": 0.10000000149011612,
            "bridgePositionZ": -7.800000190734863,
            "bridgeRotationX": 0.0,
            "bridgeRotationY": 44.999996185302737,
            "bridgeRotationZ": 0.0,
            "userId": 0,
            "bridgeInfo": {
                "bridgeId": 0,
                "fromLandId": 1,
                "toLandId": 4
            }
        },
        {
            "id": 0,
            "name": "Bridge",
            "bridgePositionX": 7.860000133514404,
            "bridgePositionY": 0.09000000357627869,
            "bridgePositionZ": 7.360000133514404,
            "bridgeRotationX": 0.0,
            "bridgeRotationY": 44.999996185302737,
            "bridgeRotationZ": 0.0,
            "userId": 0,
            "bridgeInfo": {
                "bridgeId": 1,
                "fromLandId": 1,
                "toLandId": 3
            }
        },
        {
            "id": 0,
            "name": "Bridge",
            "bridgePositionX": -7.829999923706055,
            "bridgePositionY": 0.20000000298023225,
            "bridgePositionZ": 7.53000020980835,
            "bridgeRotationX": 0.0,
            "bridgeRotationY": 310.1000061035156,
            "bridgeRotationZ": 0.0,
            "userId": 0,
            "bridgeInfo": {
                "bridgeId": 2,
                "fromLandId": 1,
                "toLandId": 2
            }
        },
        {
            "id": 0,
            "name": "Bridge",
            "bridgePositionX": 7.409999847412109,
            "bridgePositionY": 0.20000000298023225,
            "bridgePositionZ": -7.739999771118164,
            "bridgeRotationX": 0.0,
            "bridgeRotationY": 310.1000061035156,
            "bridgeRotationZ": 0.0,
            "userId": 0,
            "bridgeInfo": {
                "bridgeId": 3,
                "fromLandId": 1,
                "toLandId": 5
            }
        }
    ]
}