{
    "bridgeLists": [
        {
            "bridgeInfo": {
                "bridgeId": 0,
                "fromId": 3,
                "toId": 4
            },
            "name": "Bridge",
            "bridgePositionX": -13.670000076293946,
            "bridgePositionY": -0.1899999976158142,
            "bridgePositionZ": -14.25,
            "bridgeRoatationX": 0.0,
            "bridgeRoatationY": 44.999996185302737,
            "bridgeRoatationZ": 0.0
        },
        {
            "bridgeInfo": {
                "bridgeId": 0,
                "fromId": 1,
                "toId": 3
            },
            "name": "Bridge",
            "bridgePositionX": -14.260000228881836,
            "bridgePositionY": -0.3700000047683716,
            "bridgePositionZ": 14.760000228881836,
            "bridgeRoatationX": 0.0,
            "bridgeRoatationY": 315.0,
            "bridgeRoatationZ": 0.0
        },
        {
            "bridgeInfo": {
                "bridgeId": 0,
                "fromId": 2,
                "toId": 3
            },
            "name": "Bridge",
            "bridgePositionX": 14.40999984741211,
            "bridgePositionY": -0.1899999976158142,
            "bridgePositionZ": 13.8100004196167,
            "bridgeRoatationX": 0.0,
            "bridgeRoatationY": 44.999996185302737,
            "bridgeRoatationZ": 0.0
        },
        {
            "bridgeInfo": {
                "bridgeId": 0,
                "fromId": 3,
                "toId": 5
            },
            "name": "Bridge",
            "bridgePositionX": 12.850000381469727,
            "bridgePositionY": -0.20000000298023225,
            "bridgePositionZ": -15.149999618530274,
            "bridgeRoatationX": 0.0,
            "bridgeRoatationY": 315.0,
            "bridgeRoatationZ": 0.0
        }
    ]
}