{
    "TreeDataList2": [
        {
            "treeId": 137,
            "scale": 0.30000001192092898,
            "branch1": 1,
            "branch2": 3,
            "branch3": 0,
            "branch4": 0,
            "sproutNum": 46,
            "rottenRate": 325.0,
            "sproutWidth": -1.7599999904632569,
            "gravity": -0.7467883229255676,
            "rarity": 0,
            "vitality": 0,
            "createdAt": "",
            "updatedAt": ""
        }
    ]
}