{
    "TreeDataList2": [
        {
            "treeId": 353,
            "scale": 0.6499999761581421,
            "branch1": 1,
            "branch2": 4,
            "branch3": 0,
            "branch4": 0,
            "sproutNum": 20,
            "rottenRate": 0.0,
            "sproutWidth": 3.700000047683716,
            "gravity": 0.4532116651535034,
            "rarity": 80,
            "vitality": 0,
            "createdAt": "",
            "updatedAt": ""
        }
    ]
}