{
    "TreeDataList2": [
        {
            "treeId": 65,
            "scale": 0.20000000298023225,
            "branch1": 2,
            "branch2": 2,
            "branch3": 3,
            "branch4": 2,
            "sproutNum": 32,
            "rottenRate": 325.0,
            "sproutWidth": 0.7000000476837158,
            "gravity": -1.4343159198760987,
            "rarity": 0,
            "vitality": 0,
            "createdAt": "",
            "updatedAt": ""
        }
    ]
}