{
    "TreeDataList2": [
        {
            "treeId": 338,
            "scale": 0.6000000238418579,
            "branch1": 4,
            "branch2": 2,
            "branch3": 4,
            "branch4": -46,
            "sproutNum": 2,
            "rottenRate": 0.0,
            "sproutWidth": 3.700000047683716,
            "gravity": -0.23431578278541566,
            "rarity": 80,
            "vitality": 0,
            "createdAt": "",
            "updatedAt": ""
        }
    ]
}