{
    "TreeDataList2": [
        {
            "treeId": 251,
            "scale": 0.800000011920929,
            "branch1": 2,
            "branch2": 5,
            "branch3": 1,
            "branch4": 1,
            "sproutNum": 16,
            "rottenRate": 0.0,
            "sproutWidth": 3.700000047683716,
            "gravity": 0.4532116651535034,
            "rarity": 80,
            "vitality": 0,
            "createdAt": "",
            "updatedAt": ""
        }
    ]
}