{
    "TreeDataList2": [
        {
            "treeId": 369,
            "scale": 0.800000011920929,
            "branch1": 4,
            "branch2": 3,
            "branch3": 4,
            "branch4": 2,
            "sproutNum": 2,
            "rottenRate": 0.0,
            "sproutWidth": 1.2400000095367432,
            "gravity": -0.23431578278541566,
            "rarity": 100,
            "vitality": 0,
            "createdAt": "",
            "updatedAt": ""
        }
    ]
}