{
    "TreeDataList2": [
        {
            "treeId": 131,
            "scale": 1.100000023841858,
            "branch1": 1,
            "branch2": 4,
            "branch3": 3,
            "branch4": 4,
            "sproutNum": 2,
            "rottenRate": 0.0,
            "sproutWidth": 3.700000047683716,
            "gravity": 0.5699999928474426,
            "rarity": 90,
            "vitality": 0,
            "createdAt": "",
            "updatedAt": ""
        }
    ]
}